[gd_scene format=3 uid="uid://bptuhgi78y2fh"]

[ext_resource type="PackedScene" uid="uid://cox0bfdddkll3" path="res://addons/renik-gdscript/sample_models/godette.glb" id="1_5khwa"]

[node name="GoddettePhysicsIkTest" type="Node3D" unique_id=1840219859]

[node name="godette" parent="." unique_id=879454167 instance=ExtResource("1_5khwa")]

[node name="godette_Skeleton3D#GodotIK" type="GodotIK" parent="." unique_id=419647185]
iteration_count = 2
transform = Transform3D(-0.741338, -0.564795, 0.362526, 0.52354, -0.148705, 0.838924, -0.41991, 0.811723, 0.405933, -0.320681, 0.727329, 0.171864)

[node name="godette_Skeleton3D_GodotIK#GodotIKEffector" type="GodotIKEffector" parent="." unique_id=981395721]
bone_idx = 44
chain_length = 4
transform_mode = 3
transform = Transform3D(0.29499, -0.941286, -0.16421, 0.93077, 0.321928, -0.173302, 0.21599, -0.101719, 0.971084, -0.114594, -0.0287316, 0.0848061)

[node name="godette_Skeleton3D_GodotIK#GodotIKEffector2" type="GodotIKEffector" parent="." unique_id=1227519752]
bone_idx = 28
chain_length = 4
transform_mode = 3
transform = Transform3D(-0.754278, -0.423207, 0.501957, -0.31417, 0.903972, 0.290055, -0.576508, 0.0610821, -0.814805, -0.39958, -0.247921, 0.224867)

[node name="godette_Skeleton3D_GodotIK#GodotIKEffector3" type="GodotIKEffector" parent="." unique_id=2068132520]
bone_idx = 5
transform_mode = 3
transform = Transform3D(-0.69465, 0.0495685, -0.71764, -0.640808, 0.410643, 0.648644, 0.326845, 0.910449, -0.25349, -0.0302982, -0.326589, 0.267237)

[editable path="godette"]
