[gd_scene load_steps=2 format=3 uid="uid://bptuhgi78y2fh"]

[ext_resource type="PackedScene" uid="uid://yk0dma18v2xm" path="res://addons/renik-gdscript/sample_models/godette.glb" id="1_5khwa"]

[node name="GoddettePhysicsIkTest" type="Node3D"]

[node name="godette" parent="." instance=ExtResource("1_5khwa")]

[node name="Skeleton3D" parent="godette" index="0"]
bones/41/position = Vector3(-0.023525, 0.128475, -0.029525)
bones/42/position = Vector3(-1.06146e-07, 0.0969115, 0.0184398)
bones/42/rotation = Quaternion(-4.96697e-09, 1, 3.74996e-16, 7.54979e-08)
bones/43/position = Vector3(0.0101017, 0.163986, 0.00817198)
bones/43/rotation = Quaternion(0.0217482, 0.706772, -0.0217482, 0.706772)
bones/43/scale = Vector3(1, 1, 1)
bones/44/position = Vector3(-0.00108302, 0.122481, -3.56203e-08)
bones/44/rotation = Quaternion(9.57037e-09, -0.707107, -9.57038e-09, 0.707107)
bones/44/scale = Vector3(1, 1, 1)

[node name="GodotIK" type="GodotIK" parent="godette/Skeleton3D" index="2"]
iteration_count = 2
transform = Transform3D(-0.741338, -0.564795, 0.362526, 0.52354, -0.148705, 0.838924, -0.41991, 0.811723, 0.405933, -0.320681, 0.727329, 0.171864)

[node name="GodotIKEffector" type="GodotIKEffector" parent="godette/Skeleton3D/GodotIK"]
bone_idx = 44
chain_length = 4
transform_mode = 3
transform = Transform3D(0.29499, -0.941286, -0.16421, 0.93077, 0.321928, -0.173302, 0.21599, -0.101719, 0.971084, -0.114594, -0.0287316, 0.0848061)

[node name="GodotIKEffector2" type="GodotIKEffector" parent="godette/Skeleton3D/GodotIK"]
bone_idx = 28
chain_length = 4
transform_mode = 3
transform = Transform3D(-0.754278, -0.423207, 0.501957, -0.31417, 0.903972, 0.290055, -0.576508, 0.0610821, -0.814805, -0.39958, -0.247921, 0.224867)

[node name="GodotIKEffector3" type="GodotIKEffector" parent="godette/Skeleton3D/GodotIK"]
bone_idx = 5
transform_mode = 3
transform = Transform3D(-0.69465, 0.0495685, -0.71764, -0.640808, 0.410643, 0.648644, 0.326845, 0.910449, -0.25349, -0.0302982, -0.326589, 0.267237)

[editable path="godette"]
